”≈ª›»Ø±‡∫≈
001201907271578301
001201907277597645
001201907277889308
001201907276795665
001201907275670979
001201907271787595
001201907274176215
001201907272604599
001201907278001516
001201907271374906
001201907272731862
001201907276597585
001201907274470237
001201907272136252
001201907272496272
001201907272864121
001201907274598051
001201907278592089
001201907278335229
001201907276518055
001201907274081211
001201907273743599
001201907279180522
001201907271195090
001201907277426382
001201907279982973
001201907275332945
001201907277343325
001201907272313662
001201907272488846
001201907274379201
001201907272125475
001201907275630880
001201907273263516
001201907273321388
001201907277643145
001201907273013544
001201907271790985
001201907279801946
001201907277526498
001201907276495114
001201907276984612
001201907273725810
001201907274218465
001201907271255469
001201907273642448
001201907277094616
001201907275823272
001201907275596994
001201907275807636
001201907274422460
001201907274129189
001201907278352177
001201907271296635
001201907278745900
001201907279078857
001201907274284804
001201907271701385
001201907278343845
001201907278237586
001201907278341860
001201907279447512
001201907274973265
001201907272191112
001201907273004592
001201907273768494
001201907271640227
001201907277315892
001201907276463974
001201907274803060
001201907271206885
001201907274864188
001201907271689197
001201907277526555
001201907278443663
001201907277188290
001201907272888181
001201907271146140
001201907277647375
001201907273209917
001201907275393457
001201907277009554
001201907272160446
001201907277023328
001201907277729038
001201907275278863
001201907279138331
001201907272019901
001201907274528554
001201907278191265
001201907271993990
001201907276548640
001201907277347970
001201907277632553
001201907273368749
001201907277650691
001201907274582966
001201907279220768
001201907274010100
001201907273816135
001201907274630611
001201907272482711
001201907271819140
001201907277722879
001201907276244051
001201907279988888
001201907272542576
001201907271960820
001201907273998768
001201907274592405
001201907272612064
001201907273377822
001201907271186933
001201907278531096
001201907272561644
001201907275659470
001201907276903716
001201907275594960
001201907271750270
001201907275616214
001201907274622274
001201907272571711
001201907271376476
001201907277428730
001201907278109004
001201907276965237
001201907279932847
001201907279847502
001201907271299785
001201907277693218
001201907277502408
001201907275628527
001201907274876020
001201907278397842
001201907277625330
001201907271908855
001201907272114763
001201907279720165
001201907272583914
001201907276880361
001201907277222531
001201907276196462
001201907273627501
001201907272567984
001201907278893668
001201907273761502
001201907274599294
001201907275654279
001201907271581792
001201907279347216
001201907278021084
001201907274036275
001201907279328735
001201907279717554
001201907279759410
001201907273095641
001201907275579518
001201907276520463
001201907277146690
001201907276430851
001201907274394122
001201907275108856
001201907271108574
001201907276294750
001201907273288009
001201907271606825
001201907274109168
001201907271624035
001201907271577836
001201907274638404
001201907279641113
001201907275566772
001201907271963695
001201907278627700
001201907276653952
001201907275419121
001201907276036952
001201907275694739
001201907276333354
001201907273769523
001201907272103544
001201907273057153
001201907276319434
001201907271051249
001201907273329961
001201907275135879
001201907274150055
001201907277086507
001201907279622520
001201907276091562
001201907276420476
001201907279898705
001201907276235577
001201907272363191
001201907275342140
001201907278666619
001201907277303441
001201907273558258
001201907275265983
001201907273245754
001201907273159069
001201907278438040
001201907271698769
001201907279072502
001201907273399017
001201907277536176
001201907272650190
001201907272047615
001201907273769136
001201907271827026
001201907278556100
001201907279767786
001201907275540218
001201907274100039
001201907273984370
001201907277278469
001201907271550031
001201907273237393
001201907273520630
001201907279418270
001201907277758127
001201907272002492
001201907276633955
001201907279354650
001201907274276247
001201907274528482
001201907271785208
001201907275351092
001201907271567273
001201907274645781
001201907274891449
001201907271929264
001201907279904663
001201907272498570
001201907276950147
001201907274463550
001201907279777021
001201907275114939
001201907273482553
001201907274046798
001201907274272870
001201907274398359
001201907279231022
001201907273309511
001201907273902022
001201907272744458
001201907276246994
001201907276003126
001201907277301513
001201907273492225
001201907279993166
001201907272772694
001201907271498831
001201907274913928
001201907276562725
001201907274238432
001201907278401881
001201907276188789
001201907277832863
001201907274100434
001201907273529205
001201907273276811
001201907272197702
001201907279493404
001201907271480839
001201907277993893
001201907272431614
001201907274223834
001201907274436048
001201907272478753
001201907273958583
001201907279079810
001201907279095236
001201907271224358
001201907271869511
001201907279602347
001201907271085080
001201907277154105
001201907275267550
001201907272201693
001201907278957039
001201907279055622
001201907271071133
001201907276610119
001201907276506168
001201907277630040
001201907279341687
001201907276955084
001201907277009724
001201907276248020
001201907271896907
001201907275534325
001201907275713964
001201907273295209
001201907278001069
001201907274773492
001201907272615024
001201907275978596
001201907279997293
001201907273549275
001201907277805884
001201907279046060
001201907274110769
001201907274307802
001201907277926809
001201907273938432
001201907275055605
001201907272794829
001201907271377442
001201907271341394
001201907279636366
001201907274652598
001201907274159968
001201907274318726
001201907273629477
001201907274767070
001201907275646868
001201907279767091
001201907274899599
001201907275291630
001201907277968761
001201907273283053
001201907276255130
001201907276428221
001201907277407234
001201907279303280
001201907272426489
001201907273838022
001201907279101255
001201907274680609
001201907278840419
001201907277931285
001201907279553717
001201907271173430
001201907272695208
001201907271066686
001201907274128133
001201907279736755
001201907274675499
001201907275239363
001201907279115557
001201907276610321
001201907272301072
001201907279351857
001201907274801235
001201907273915568
001201907279428331
001201907274006934
001201907274399664
001201907272765638
001201907271399722
001201907273336689
001201907278553299
001201907273581967
001201907279232352
001201907273772638
001201907276751709
001201907276560494
001201907278979476
001201907277638372
001201907276230985
001201907273228579
001201907275869773
001201907277067153
001201907272006157
001201907272679784
001201907279229453
001201907276321269
001201907272389154
001201907272732331
001201907276435995
001201907272412810
001201907271312792
001201907275849464
001201907275120055
001201907278816663
001201907272960142
001201907273924035
001201907277710138
001201907274537854
001201907278968884
001201907277937046
001201907276910379
001201907277777536
001201907278894864
001201907273623909
001201907275440073
001201907278967227
001201907272850054
001201907275617821
001201907275457292
001201907271000797
001201907279693023
001201907272193587
001201907273314179
001201907274115244
001201907277352859
001201907272461052
001201907273026381
001201907277464897
