060703
481792
267465
354238
932706
811464
820752
065200
564002
606282
817389
217418
379252
952598
208782
943437
012234
816249
333053
632293
518324
173275
557592
097397
379607
396393
913052
780290
436775
508802
450998
418824
067514
719045
505005
702317
074358
732002
788638
994760
018098
597671
806355
469241
723662
939232
535018
979298
652819
089787
706040
938868
247707
819832
994901
558035
747005
586951
151801
133404
570271
291060
368616
654111
344623
326947
380145
238382
227390
756051
320804
155055
063089
040691
755316
314022
938904
064813
753998
322927
197601
001733
058724
923464
366899
594315
555267
761116
041071
358346
023698
051175
394580
571487
172055
621681
573517
615866
375754
166534